%first element is the time vector in every collums
%N =  1 2 3 4 5 6 7    F M
ra = [2 3 4 5 6 1]; %1 1
rb = [7 0 7 0 7 0]; %1 0
rc = [6 1 2 3 4 5]; %1 -1
rd = [3 4 5 6 1 2]; %0 1
re = [0 7 0 7 0 7]; %0 0
rf = [5 6 1 2 3 4]; %0 -1

sw_table = [ra; rb; rc; rd; re; rf];